id	compound	dbid	dblink	peaks
DBREF0001	Aspartate	HMDB00191	http://www.hmdb.ca/spectra/nmr_one_d/1164	3.9124,3.9052,3.8944,3.8871,2.8429,2.8356,2.8079,2.8006,2.6993,2.6813,2.6643,2.6463
DBREF0002	lactic acid	HMDB00190	http://www.hmdb.ca/spectra/nmr_one_d/1162	4.1377,4.1238,4.1099,4.0961,1.3386,1.3247
DBREF0003	quinic acid	HMDB03072	http://www.hmdb.ca/spectra/nmr_one_d/1925	4.1849,4.178,4.1711,4.1642,4.0749,4.0658,4.0557,4.0533,4.0468,4.0344,4.0253,3.5743,3.5677,3.5556,3.549,2.1946,2.1889,2.1858,2.1802,2.1676,2.162,2.159,2.153,2.149,2.1423,2.119,2.1125,2.0845,2.0783,2.0715,2.0485,1.9578,1.9357,1.9309
DBREF0004	succinic acid	HMDB00254	http://www.hmdb.ca/spectra/nmr_one_d/1285	2.434
DBREF0005	alanine	HMDB00161	http://www.hmdb.ca/spectra/nmr_one_d/1120	3.8036,3.7891,3.7746,3.7602,1.4892,1.4747
DBREF0006	arginine	HMDB00517	http://www.hmdb.ca/spectra/nmr_one_d/1404	3.7818,3.7695,3.7573,3.2664,3.2525,3.2387,1.9538,1.9383,1.9209,1.9133,1.9081,1.9045,1.8922,1.8758,1.7746,1.7605,1.7449,1.7339,1.7292,1.7203,1.7151,1.7066,1.7013,1.6949,1.6874,1.6811,1.6743,1.6676,1.6607,1.6536,1.6473,1.6385,1.6352,1.621,1.6065
DBREF0007	asparagine	HMDB00168	http://www.hmdb.ca/spectra/nmr_one_d/1132	4.0214,4.0129,4.0058,3.9973,2.9802,2.9717,2.9463,2.9379,2.8824,2.8668,2.8485,2.833
DBREF0008	Glycine betaine	HMDB00043	http://www.hmdb.ca/spectra/nmr_one_d/1049	3.9048,3.2698
DBREF0009	choline	HMDB00097	http://www.hmdb.ca/spectra/nmr_one_d/1082	4.084,4.0782,4.0735,4.0693,4.0642,4.0593,4.0536,3.5371,3.5269,3.5171,3.209
DBREF0010	citric acid	HMDB00094	http://www.hmdb.ca/spectra/nmr_one_d/1080	2.6953,2.6653,2.5884,2.5583,2.5358
DBREF0011	Fructose	HMDB00660	http://www.hmdb.ca/spectra/nmr_one_d/1460	4.1241,4.1199,4.1167,4.1109,4.0437,4.0417,4.0161,4.0117,4.008,4.0049,4.0017,3.915,3.9082,3.895,3.8882,3.846,3.8395,3.8378,3.8338,3.832,3.8196,3.8114,3.7952,3.7913,3.729,3.7249,3.7189,3.7057,3.699,3.6917,3.686,3.6739,3.6611,3.6181,3.5939,3.5783,3.5715,3.5548,3.5473
DBREF0012	fumaric acid	HMDB00134	http://www.hmdb.ca/spectra/nmr_one_d/1104	6.5258
DBREF0013	GABA	HMDB00112	http://www.hmdb.ca/spectra/nmr_one_d/1088	3.0285,3.0134,2.9981,2.3156,2.3009,2.2862,1.936,1.9211,1.906,1.891,1.8762
DBREF0014	Glucose	HMDB00122	http://www.hmdb.ca/spectra/nmr_one_d/1093	5.246,5.2385,4.6633,4.6475,3.9161,3.9119,3.8915,3.8873,3.8561,3.8347,3.825,3.7858,3.775,3.7611,3.7469,3.7356,3.7219,3.7182,3.7107,3.6991,3.5583,3.5507,3.5386,3.531,3.5189,3.5007,3.4933,3.489,3.4822,3.4774,3.4739,3.4695,3.4623,3.4581,3.4372,3.426,3.4182,3.4073,3.3993,3.3885,3.27,3.2539,3.2517,3.2354
DBREF0015	isoleucine	HMDB00172	http://www.hmdb.ca/spectra/nmr_one_d/1136	3.6761,3.6684,2.0267,2.0038,1.9857,1.9719,1.9638,1.9491,1.5171,1.5023,1.4884,1.4764,1.4613,1.4508,1.4361,1.3103,1.2954,1.28,1.2674,1.2633,1.2517,1.2358,1.2207,1.0228,1.0089,0.9591,0.9442,0.9295
DBREF0016	leucine	HMDB00687	http://www.hmdb.ca/spectra/nmr_one_d/1477	3.7516,3.7424,3.7346,3.7242,1.7839,1.7633,1.7527,1.7427,1.7321,1.7241,1.7163,1.7133,1.7074,1.703,1.6881,1.6704,1.663,0.9777,0.9658,0.9538
DBREF0017	malic acid	HMDB00744	http://www.hmdb.ca/spectra/nmr_one_d/1514	4.3186,4.3126,4.2981,4.2921,2.6949,2.6889,2.6641,2.6581,2.3914,2.3708,2.3606,2.3401
DBREF0018	Glutamate	HMDB03339		3.7825,3.7727,3.7684,3.7586,2.4096,2.3944,2.3779,2.3711,2.362,2.3569,2.3463,2.3416,2.3236,2.3099,2.1722,2.1624,2.1569,2.1468,2.1425,2.1326,2.1274,2.1176,2.1121,2.1017,2.0873,2.071,2.0571,2.0413,2.0272
DBREF0019	Sucrose	HMDB00258	http://www.hmdb.ca/spectra/nmr_one_d/1293	5.4193,5.4116,4.227,4.2095,4.0698,4.0527,4.0355,3.9156,3.9087,3.9023,3.8954,3.8856,3.8786,3.8637,3.8577,3.8518,3.8448,3.8369,3.8229,3.8122,3.8004,3.7869,3.7675,3.7486,3.6843,3.5789,3.5712,3.5589,3.5512,3.4938,3.4748,3.4558
DBREF0020	Phenylalanine	HMDB00159	http://www.hmdb.ca/spectra/nmr_one_d/1118	7.4441,7.4301,7.4149,7.3914,7.377,7.3717,7.3622,7.3352,7.3211,4.0072,3.9969,3.9914,3.981,3.3122,3.3018,3.2831,3.2728,3.1492,3.1332,3.1201,3.1042
DBREF0021	Proline	HMDB00162	http://www.hmdb.ca/spectra/nmr_one_d/1122	4.1482,4.1357,4.1309,4.1178,3.4527,3.4385,3.4293,3.4247,3.4153,3.4013,3.3618,3.3473,3.3384,3.3333,3.324,3.31,2.3914,2.3769,2.3639,2.3596,2.3514,2.3473,2.3342,2.3205,2.1116,2.0983,2.0834,2.0705,2.0573,2.0446,2.0383,2.0312,2.018,2.0079,1.9935,1.9795,1.9673,1.9529
DBREF0022	Pyroglutamic acid	HMDB00267	http://www.hmdb.ca/spectra/nmr_one_d/1303	4.2084,4.1969,4.1906,4.1789,2.5553,2.5386,2.5294,2.5221,2.5156,2.5117,2.5051,2.4978,2.4798,2.4466,2.4266,2.4105,2.3945,2.0704,2.0551,2.0439,2.0327,2.0282,2.0169,2.0012
DBREF0023	Threonine	HMDB00167	http://www.hmdb.ca/spectra/nmr_one_d/1129	4.2826,4.2696,4.2595,4.2565,4.2464,4.2333,3.5924,3.5825,1.3385,1.3253
DBREF0024	Trigonelline	HMDB00875	http://www.hmdb.ca/spectra/nmr_one_d/1579	9.566,9.1328,8.8553,8.8418,8.1103,8.0961,8.0822,4.452
DBREF0025	Tryptophane	HMDB00929	http://www.hmdb.ca/spectra/nmr_one_d/1608	7.7443,7.7285,7.5534,7.5371,7.325,7.3007,7.2862,7.2706,7.216,7.2015,4.0714,4.0618,4.0556,4.0459,3.475,3.4655,3.3391,3.3231
DBREF0026	Tyrosine	HMDB00158	http://www.hmdb.ca/spectra/nmr_one_d/1117	7.2071,7.1902,6.9137,6.8968,3.9604,3.95,3.945,3.9347,3.2247,3.2145,3.1953,3.1851,3.0866,3.0711,3.0573,3.0417
DBREF0027	Valine	HMDB00883	http://www.hmdb.ca/spectra/nmr_one_d/1582	3.6155,3.6068,2.3274,2.3135,2.3044,2.2994,2.2906,2.2854,2.2766,2.2714,2.2626,2.2576,2.2486,1.0541,1.0401,1.001,0.987
DBREF0028	Acetylcholine	HMDB00895	http://www.hmdb.ca/spectra/nmr_one_d/1589	4.5761,4.571,4.5662,4.5615,4.5568,4.552,4.5469,3.7525,3.7478,3.7429,3.7383,3.7334,3.2262,2.1555
DBREF0029	Glycolic acid	HMDB00115	http://www.hmdb.ca/spectra/nmr_one_d/1089	3.9475
DBREF0030	Shikimic acid	HMDB03070	http://www.hmdb.ca/spectra/nmr_one_d/1924	6.455,6.4533,6.4502,6.4493,6.4462,6.4445,4.4135,4.4048,4.3961,4.013,4.0019,3.9973,3.9955,3.9842,3.9797,3.9686,3.7281,3.7194,3.7099,3.7012,2.7898,2.7788,2.7541,2.7431,2.2256,2.224,2.2215,2.2127,2.2103,2.2086,2.2061,2.1923,2.1899,2.1882,2.1858,2.177,2.1746,2.1729,2.1704
DBREF0031	Adenosine	HMDB00050	http://www.hmdb.ca/spectra/nmr_one_d/1053	8.3244,8.1932,6.0633,6.0511,4.8019,4.791,4.7794,4.4479,4.4408,4.4311,4.3077,4.302,3.9441,3.9391,3.9183,3.9135,3.8644,3.8574,3.8386,3.8316
DBREF0032	Amygdalin	HMDB35030		7.6272,7.6196,7.6125,7.5584,7.5551,7.5478,7.5284,5.896,4.6323,4.6166,4.6002,4.5843,4.2309,4.2085,3.9491,3.9433,3.9288,3.9251,3.9082,3.7729,3.7618,3.7482,3.7371,3.6383,3.6291,3.6191,3.6103,3.5811,3.5629,3.5451,3.5308,3.5112,3.4925,3.4853,3.4746,3.4556,3.4368,3.4179,3.4026,3.3845,3.3675,3.3488
DBREF0033	Arabinose	HMDB29942		5.2487,5.2415,4.5307,4.515,4.044,4.0179,4.0103,3.9488,3.918,3.914,3.8917,3.8884,3.8764,3.8698,3.8342,3.8271,3.6988,3.6825,3.6741,3.6627,3.656,3.6413,3.5284,3.5126,3.5091,3.4932
DBREF0034	Arabitol	HMDB00568	http://www.hmdb.ca/spectra/nmr_one_d/1424	3.9503,3.9461,3.9391,3.9358,3.9321,3.9252,3.9211,3.8573,3.8514,3.8338,3.8279,3.7762,3.7703,3.7635,3.7591,3.7581,3.7539,3.7469,3.7411,3.71,3.699,3.6868,3.6844,3.6761,3.6702,3.6589,3.6463,3.5933,3.5891,3.5766,3.5725
DBREF0035	beta-alanine	HMDB00056	http://www.hmdb.ca/spectra/nmr_one_d/1058	3.1975,3.1841,3.1706,2.5795,2.5661,2.5527
DBREF0036	cadaverine	HMDB02322	http://www.hmdb.ca/spectra/nmr_one_d/1873	3.0423,3.0271,3.0118,1.7581,1.7429,1.7274,1.7122,1.6966,1.5074,1.4912,1.4763,1.4601,1.4453
DBREF0037	caffeic acid	HMDB01964	http://www.hmdb.ca/spectra/nmr_one_d/1824	7.3126,7.2807,7.1737,7.1699,7.0905,7.0867,7.074,7.0701,6.9497,6.9333,6.3686,6.3366
DBREF0038	carnitine	HMDB00062		4.574,4.5639,3.4759,3.448,3.431,3.4082,3.2331,2.456,2.448,2.4422,2.4356
DBREF0039	Catechine	HMDB02780	http://www.hmdb.ca/spectra/nmr_one_d/1904	6.9537,6.93,6.8644,6.8482,6.1012,6.0989,6.0036,4.6454,4.6295,4.1252,4.1093,4.0979,4.0819,2.89,2.8792,2.8582,2.8475,2.5199,2.5029,2.4882,2.4713
DBREF0040	Cellobiose	HMDB00055	http://www.hmdb.ca/spectra/nmr_one_d/1057	5.2424,5.235,4.683,4.6671,4.5292,4.5134,3.9754,3.9677,3.9619,3.9511,3.9393,3.9136,3.8886,3.8848,3.8774,3.8685,3.8472,3.8294,3.8229,3.8087,3.7982,3.7668,3.7554,3.742,3.7306,3.7109,3.6815,3.6652,3.6489,3.6342,3.6178,3.6041,3.5964,3.5844,3.5768,3.543,3.5247,3.5159,3.5061,3.4968,3.4854,3.4474,3.429,3.4099,3.3481,3.3417,3.3254,3.3124,3.3076,3.2947,3.2782,3.2645
DBREF0041	Citramalic acid	HMDB00426	http://www.hmdb.ca/spectra/nmr_one_d/1365	2.779,2.7476,2.4788,2.4473
DBREF0042	Citruline	HMDB00904	http://www.hmdb.ca/spectra/nmr_one_d/1596	3.7757,3.7642,3.7523,3.1605,3.1476,3.1344,1.9325,1.8944,1.8846,1.8736,1.8544,1.8376,1.8259,1.6432,1.6304,1.6177,1.6066,1.5966,1.5846,1.5744,1.5625,1.551,1.5404,1.5281
DBREF0043	Cysteine	HMDB00574	http://www.hmdb.ca/spectra/nmr_one_d/1426	3.9519,3.9401,3.9274,3.0986,3.0843,3.0616,3.0473,3.0328,3.0225,2.9958,2.9855
DBREF0044	Ferulic acid	HMDB00954	http://www.hmdb.ca/spectra/nmr_one_d/1619	7.3568,7.3249,7.2234,7.2197,7.1231,7.1194,7.1068,7.103,6.9335,6.9172,6.3946,6.3627,3.895
DBREF0045	Fucose	HMDB00174	http://www.hmdb.ca/spectra/nmr_one_d/1139	5.209,5.2012,4.5676,4.5518,4.2221,4.209,4.1958,4.1827,3.8818,3.8739,3.8674,3.8534,3.8466,3.8304,3.8168,3.806,3.8048,3.7914,3.78,3.7721,3.7591,3.7523,3.746,3.6577,3.6507,3.6378,3.6308,3.4654,3.4494,3.4457,3.4296,1.2558,1.2427,1.2157,1.2025
DBREF0046	gluconic acid	HMDB00625	http://www.hmdb.ca/spectra/nmr_one_d/1442	4.1213,4.1124,4.0199,3.8278,3.797,3.7811,3.7507,3.6702,3.6638,3.6417,3.629
DBREF0047	Glutamine	HMDB00641	http://www.hmdb.ca/spectra/nmr_one_d/1452	3.7897,3.7775,3.7652,2.5071,2.4909,2.4761,2.4665,2.4605,2.451,2.4444,2.4361,2.4202,2.4053,2.1628,2.148,2.1352,2.119
DBREF0048	Glycerol	HMDB00131	http://www.hmdb.ca/spectra/nmr_one_d/1101	3.8077,3.7989,3.7947,3.7902,3.786,3.7818,3.7772,3.773,3.7643,3.6697,3.6611,3.6463,3.6376,3.5777,3.5647,3.5543,3.5412
DBREF0049	Glycine	HMDB00123	http://www.hmdb.ca/spectra/nmr_one_d/1094	3.5588
DBREF0050	Histidine	HMDB00177	http://www.hmdb.ca/spectra/nmr_one_d/1146	8.1837,7.2148,4.0258,4.0148,4.011,4,3.3174,3.3065,3.2861,3.2752,3.2486,3.2336,3.2173,3.2023
DBREF0051	indoxylsulfate	HMDB00682	http://www.hmdb.ca/spectra/nmr_one_d/1475	7.7209,7.7049,7.5233,7.5068,7.3679,7.2999,7.2856,7.271,7.2694,7.2255,7.2111,7.1955
DBREF0052	inositol			4.0651,4.0596,4.0539,3.6439,3.6244,3.6052,3.5464,3.5407,3.5264,3.5207,3.2946,3.2759,3.2572
DBREF0053	isobutyrate	HMDB01873	http://www.hmdb.ca/spectra/nmr_one_d/1771	2.4478,2.4339,2.4199,2.406,2.3921,2.3781,1.0777,1.0637
DBREF0054	isocitrate	HMDB00193	http://www.hmdb.ca/spectra/nmr_one_d/1169	4.0352,4.0255,3.0386,3.0285,3.025,3.0219,3.0152,3.0119,3.0087,2.9987,2.5703,2.5534,2.5391,2.5222,2.4686,2.4551,2.4374,2.424
DBREF0055	lysine	HMDB00182	http://www.hmdb.ca/spectra/nmr_one_d/1151	3.7779,3.7657,3.7537,3.0432,3.0281,3.0129,1.94,1.929,1.9196,1.9076,1.8997,1.8875,1.7639,1.7483,1.733,1.7179,1.7028,1.5463,1.5333,1.5282,1.5199,1.5151,1.5011,1.4882,1.4757,1.4716,1.4577,1.4455,1.4383
DBREF0056	maltitol	HMDB02928	http://www.hmdb.ca/spectra/nmr_one_d/1916	5.1308,5.123,4.0102,4.0027,3.9954,3.9882,3.9806,3.9176,3.9077,3.9016,3.8965,3.8897,3.8795,3.8708,3.862,3.8409,3.8367,3.8169,3.8084,3.7979,3.7933,3.7849,3.7734,3.7655,3.7464,3.7273,3.7199,3.7101,3.6964,3.687,3.681,3.6771,3.6727,3.6634,3.6575,3.6546,3.6403,3.6001,3.5923,3.5803,3.5725,3.4685,3.4494,3.4301
DBREF0057	Mannose	HMDB00169	http://www.hmdb.ca/spectra/nmr_one_d/1134	5.1867,5.1835,4.9079,4.906,3.9525,3.951,3.9458,3.9425,3.9387,3.9356,3.932,3.9243,3.9198,3.8999,3.8953,3.8915,3.8873,3.8677,3.8631,3.8558,3.8431,3.8366,3.8297,3.8254,3.8217,3.8178,3.8097,3.806,3.7811,3.7694,3.7574,3.7537,3.7457,3.741,3.7291,3.7166,3.6782,3.6697,3.6587,3.6503,3.6393,3.5942,3.5747,3.5553,3.407,3.4025,3.3945,3.3898,3.3878,3.3831,3.375,3.3705
DBREF0058	Melezitose	HMDB11730		5.4577,5.4502,5.2051,5.1977,4.3251,4.3105,4.2967,4.2797,3.9436,3.9343,3.9307,3.9242,3.9204,3.9155,3.9103,3.8992,3.8771,3.8735,3.8534,3.8454,3.8176,3.808,3.7996,3.7927,3.7828,3.7746,3.7663,3.7471,3.7282,3.6857,3.6753,3.6666,3.6493,3.6069,3.5995,3.585,3.5777,3.5646,3.557,3.4778,3.4689,3.4585,3.4497
DBREF0059	Nicotine	HMDB14330		8.7101,8.7064,8.674,8.6662,8.6641,8.1187,8.1026,7.6524,7.6425,7.6365,7.6264,4.5522,4.5365,4.5327,4.5164,3.912,3.8984,3.887,3.8755,3.8623,3.4441,3.4267,3.4214,3.4096,3.4035,3.3865,2.8153,2.6708,2.6602,2.6554,2.6445,2.6291,2.6177,2.6032,2.4739,2.4581,2.4539,2.4467,2.4386,2.4328,2.4265,2.4182,2.4122,2.406,2.3918,2.3803,2.3759,2.3649,2.3595,2.349,2.3382,2.3339,2.3226,2.314
DBREF0060	Ornithine	HMDB00214	http://www.hmdb.ca/spectra/nmr_one_d/1206	3.8095,3.7975,3.7854,3.0741,3.0588,3.0438,1.9976,1.9819,1.9756,1.9695,1.9625,1.9567,1.9492,1.9439,1.9357,1.9325,1.9154,1.8847,1.87,1.8551,1.8443,1.839,1.8303,1.8247,1.816,1.8104,1.7964,1.782,1.7701,1.76,1.7554,1.7487,1.7415,1.7363,1.7218
DBREF0061	Phytic acid			4.9832,4.9628,4.4717,4.4525,4.4332,4.4139,4.21,4.191,4.1827,4.1718,4.1641,4.1529,4.1466,4.1297
DBREF0062	Prunasine	HMDB34934		7.6195,7.6157,7.6084,7.6008,7.5429,7.539,5.9028,4.56,4.5444,3.9282,3.9037,3.7616,3.7542,3.736,3.7292,3.4247,3.4162,3.3648,3.3566,3.3488,3.3319
DBREF0063	Putrescine	HMDB01414	http://www.hmdb.ca/spectra/nmr_one_d/1703	3.0724,3.061,3.0491,1.8095,1.7941,1.7872,1.7806,1.774,1.7671,1.7516
DBREF0064	Pyruvic acid	HMDB00243	http://www.hmdb.ca/spectra/nmr_one_d/1266	2.3809
DBREF0065	Raffinose	HMDB03213	http://www.hmdb.ca/spectra/nmr_one_d/1935	5.4379,5.4302,5.0054,4.9979,4.2413,4.2237,4.0859,4.0686,4.0611,4.0513,4.0441,4.0154,4.0093,3.9632,3.9176,3.9106,3.9044,3.8965,3.8899,3.8502,3.8425,3.8376,3.831,3.8219,3.8011,3.7866,3.7768,3.7676,3.7592,3.7484,3.7025,3.6794,3.5932,3.5855,3.5734
DBREF0066	Rhamnose	HMDB00849	http://www.hmdb.ca/spectra/nmr_one_d/1567	5.1179,5.1147,4.8753,4.8734,3.9418,3.9402,3.9356,3.9327,3.9291,3.9255,3.9008,3.8883,3.8814,3.8757,3.869,3.8634,3.8565,3.844,3.8149,3.8081,3.7954,3.7886,3.6199,3.6132,3.6012,3.5946,3.4577,3.4383,3.4241,3.4188,3.4124,3.4052,3.3935,3.3809,3.3623,3.3434,1.3033,1.2914,1.2859,1.2733
DBREF0067	Salicylate	HMDB01895	http://www.hmdb.ca/spectra/nmr_one_d/1788	7.8387,7.8358,7.8232,7.8201,7.4854,7.4823,7.468,7.4545,7.4512,6.9962,6.9812,6.9657,6.9485
DBREF0068	Serine	HMDB00187	http://www.hmdb.ca/spectra/nmr_one_d/1157	4.0045,3.9969,3.98,3.9724,3.9638,3.9525,3.9393,3.928,3.8532,3.8454,3.8421,3.8343
DBREF0069	Sinapic acid	HMDB32616	http://www.hmdb.ca/spectra/nmr_one_d/3968	9.0945,7.3032,7.2713,6.8834,6.391,6.3592,3.8749
DBREF0070	Sorbitol	HMDB00247	http://www.hmdb.ca/spectra/nmr_one_d/1273	3.8505,3.8274,3.8215,3.7988,3.793,3.7862,3.7819,3.7766,3.7697,3.7639,3.759,3.7528,3.7353,3.7304,3.6753,3.6627,3.6516,3.6455,3.6392,3.6328,3.6219,3.6152,3.6089
DBREF0071	Spermidine	HMDB01257	http://www.hmdb.ca/spectra/nmr_one_d/1671	3.8505,3.8274,3.8215,3.7988,3.793,3.7862,3.7819,3.7766,3.7697,3.7639,3.759,3.7528,3.7353,3.7304,3.6753,3.6627,3.6516,3.6455,3.6392,3.6328,3.6219,3.6152,3.6089
DBREF0072	Spermine	HMDB01256	http://www.hmdb.ca/spectra/nmr_one_d/1670	3.1901,3.1744,3.1584,3.1404,3.1252,3.1094,2.1543,2.1384,2.1282,2.1228,2.1071,2.0915,1.8154
DBREF0073	Thiamine	HMDB00235	http://www.hmdb.ca/spectra/nmr_one_d/1255	8.046,5.5018,3.902,3.8905,3.8791,3.2058,3.1943,3.1829,2.5652,2.5477
DBREF0074	Trehalose	HMDB00975	http://www.hmdb.ca/spectra/nmr_one_d/1627	5.2045,5.197,3.8809,3.8764,3.8625,3.8521,3.8438,3.8341,3.8308,3.8246,3.8137,3.7866,3.7765,3.7628,3.7527,3.668,3.6604,3.6481,3.6405,3.4737,3.4547,3.4358
DBREF0075	Tyramine	HMDB00306	http://www.hmdb.ca/spectra/nmr_one_d/1325	7.2444,7.2386,7.2346,7.2256,7.2214,7.2157,6.931,6.9251,6.921,6.9121,6.908,6.902,3.2552,3.2404,3.226,2.9514,2.9365,2.9222
DBREF0076	Uracil	HMDB00300	http://www.hmdb.ca/spectra/nmr_one_d/1321	7.5338,7.5146,5.7993,5.7801
DBREF0077	Uridine	HMDB00296	http://www.hmdb.ca/spectra/nmr_one_d/1319	7.8975,7.8813,5.9305,5.9214,5.9136,5.8974,4.3698,4.3599,4.3501,4.2456,4.2348,4.224,4.1519,4.1457,4.143,4.1367,4.1327,4.1265,3.9306,3.9248,3.9051,3.8993,3.828,3.8191,3.8024,3.7935
DBREF0078	xylose	HMDB00098	http://www.hmdb.ca/spectra/nmr_one_d/1083	5.2053,5.1979,4.5913,4.5755,3.9493,3.9384,3.9262,3.9153,3.7018,3.6863,3.6636,3.6533,3.6453,3.6428,3.6345,3.6239,3.6208,3.6189,3.6138,3.6026,3.5418,3.5344,3.5231,3.5158,3.4549,3.4363,3.4178,3.349,3.3266,3.3046,3.2474,3.2315,3.2288,3.2128
DBREF0079	xylulose	HMDB01644	http://www.hmdb.ca/spectra/nmr_one_d/1740	4.6671,4.6185,4.5473,4.4987,4.4471,4.3918,4.3775,4.3629,4.3488,4.2658,4.2414,4.2177,4.2016,4.1846,4.1779,4.1615,4.0774,4.072,4.0449,4.0309,3.903,3.8929,3.8794,3.8694,3.7127,3.6827,3.6526,3.6382,3.6267,3.6149,3.5958,3.5715,3.5414
DBREF0080	Chlorogenic acid	HMDB03164	http://www.hmdb.ca/spectra/nmr_one_d/1934	7.666,7.6341,7.1966,7.1935,7.13,7.13,7.1166,7.1135,6.9604,6.944,6.4064,6.3745,5.3595,5.35,5.3376,5.3294,5.3171,5.3076,4.2657,4.2597,4.2533,4.2473,3.8959,3.8894,3.8761,3.8696,2.2228,2.2173,2.2144,2.2084,2.1963,2.1905,2.1877,2.182,2.1639,2.1576,2.1336,2.1275,2.0533,2.0295,2.0041
DBREF0081	UDPG	HMDB00286	http://www.hmdb.ca/spectra/nmr_one_d/1312	7.974,7.9578,5.9988,5.9906,5.9742,5.6191,5.6126,5.6051,5.5984,4.3861,4.379,4.2996,4.2806,4.272,4.2485,4.2266,4.2216,4.2167,4.2111,4.1985,4.1931,4.1877,3.9112,3.9074,3.8949,3.8913,3.8865,3.8809,3.8549,3.8521,3.8065,3.798,3.7794,3.7603,3.614,3.5639,3.5579,3.5521,3.545,3.5383,3.5325,3.4945,3.4748,3.4559,3.3581
DBREF0082	D-Galactose	HMDB00143	http://www.hmdb.ca/spectra/nmr_one_d/1108	5.257,5.2495,4.5822,4.5664,4.0927,4.0802,4.0676,3.9761,3.97,3.9201,3.9133,3.858,3.8515,3.8373,3.8308,3.8056,3.798,3.7848,3.7817,3.7775,3.7657,3.7588,3.7433,3.7371,3.7259,3.7162,3.7108,3.703,3.6958,3.6871,3.6523,3.6453,3.6323,3.6254,3.4987,3.4829,3.479,3.463
